bicycle:1 130 101 658 325 0.495435
truck:7 548 61 808 136 0.534417
car:2 546 59 807 134 0.589933
dog:16 154 171 366 429 0.899429
