car:2 389 144 574 222 0.521805
bicycle:1 139 181 472 434 0.583644
truck:7 392 146 576 223 0.644225
dog:16 109 267 259 534 0.921725
