bicycle:1 66 209 328 649 0.399478
car:2 274 117 404 268 0.605056
dog:16 77 336 183 859 0.903351
