bicycle:1 111 130 561 419 0.42154
car:2 466 74 689 172 0.521576
truck:7 467 77 690 174 0.609033
dog:16 131 218 313 550 0.903322
