giraffe:23 211 36 574 528 0.659246
zebra:22 319 266 546 570 0.681427
